2.500000	0.100000	5.239978
2.500000	0.200000	5.387761
2.500000	0.300000	5.535821
2.500000	0.400000	5.684139
2.500000	0.500000	5.832698
2.500000	0.600000	5.981482
2.500000	0.700000	6.130477
2.500000	0.800000	6.279668
2.500000	0.900000	6.429043
2.500000	1.000000	6.578590
2.500000	1.100000	6.728298
2.500000	1.200000	6.878157
2.500000	1.300000	7.028156
2.500000	1.400000	7.178286
2.500000	1.500000	7.328540
2.500000	1.600000	7.478909
2.500000	1.700000	7.629385
2.500000	1.800000	7.779963
2.500000	1.900000	7.930635
2.500000	2.000000	8.081395

2.600000	0.100000	5.527517
2.600000	0.200000	5.675746
2.600000	0.300000	5.824221
2.600000	0.400000	5.972927
2.600000	0.500000	6.121850
2.600000	0.600000	6.270974
2.600000	0.700000	6.420287
2.600000	0.800000	6.569776
2.600000	0.900000	6.719431
2.600000	1.000000	6.869240
2.600000	1.100000	7.019193
2.600000	1.200000	7.169281
2.600000	1.300000	7.319496
2.600000	1.400000	7.469829
2.600000	1.500000	7.620272
2.600000	1.600000	7.770820
2.600000	1.700000	7.921464
2.600000	1.800000	8.072199
2.600000	1.900000	8.223019
2.600000	2.000000	8.373919

2.700000	0.100000	5.827613
2.700000	0.200000	5.976242
2.700000	0.300000	6.125093
2.700000	0.400000	6.274151
2.700000	0.500000	6.423402
2.700000	0.600000	6.572834
2.700000	0.700000	6.722435
2.700000	0.800000	6.872194
2.700000	0.900000	7.022102
2.700000	1.000000	7.172148
2.700000	1.100000	7.322324
2.700000	1.200000	7.472621
2.700000	1.300000	7.623032
2.700000	1.400000	7.773549
2.700000	1.500000	7.924166
2.700000	1.600000	8.074876
2.700000	1.700000	8.225673
2.700000	1.800000	8.376552
2.700000	1.900000	8.527508
2.700000	2.000000	8.678535

2.800000	0.100000	6.140214
2.800000	0.200000	6.289205
2.800000	0.300000	6.438394
2.800000	0.400000	6.587769
2.800000	0.500000	6.737317
2.800000	0.600000	6.887028
2.800000	0.700000	7.036890
2.800000	0.800000	7.186894
2.800000	0.900000	7.337032
2.800000	1.000000	7.487293
2.800000	1.100000	7.637671
2.800000	1.200000	7.788158
2.800000	1.300000	7.938747
2.800000	1.400000	8.089432
2.800000	1.500000	8.240207
2.800000	1.600000	8.391065
2.800000	1.700000	8.542002
2.800000	1.800000	8.693012
2.800000	1.900000	8.844092
2.800000	2.000000	8.995236

2.900000	0.100000	6.465273
2.900000	0.200000	6.614591
2.900000	0.300000	6.764086
2.900000	0.400000	6.913748
2.900000	0.500000	7.063564
2.900000	0.600000	7.213527
2.900000	0.700000	7.363625
2.900000	0.800000	7.513851
2.900000	0.900000	7.664197
2.900000	1.000000	7.814654
2.900000	1.100000	7.965215
2.900000	1.200000	8.115875
2.900000	1.300000	8.266626
2.900000	1.400000	8.417464
2.900000	1.500000	8.568382
2.900000	1.600000	8.719375
2.900000	1.700000	8.870439
2.900000	1.800000	9.021570
2.900000	1.900000	9.172762
2.900000	2.000000	9.324013

3.000000	0.100000	6.802748
3.000000	0.200000	6.952360
3.000000	0.300000	7.102132
3.000000	0.400000	7.252052
3.000000	0.500000	7.402112
3.000000	0.600000	7.552303
3.000000	0.700000	7.702615
3.000000	0.800000	7.853042
3.000000	0.900000	8.003576
3.000000	1.000000	8.154211
3.000000	1.100000	8.304939
3.000000	1.200000	8.455755
3.000000	1.300000	8.606654
3.000000	1.400000	8.757631
3.000000	1.500000	8.908679
3.000000	1.600000	9.059796
3.000000	1.700000	9.210976
3.000000	1.800000	9.362216
3.000000	1.900000	9.513512
3.000000	2.000000	9.664861

3.100000	0.100000	7.152599
3.100000	0.200000	7.302478
3.100000	0.300000	7.452499
3.100000	0.400000	7.602653
3.100000	0.500000	7.752933
3.100000	0.600000	7.903330
3.100000	0.700000	8.053836
3.100000	0.800000	8.204445
3.100000	0.900000	8.355150
3.100000	1.000000	8.505946
3.100000	1.100000	8.656826
3.100000	1.200000	8.807784
3.100000	1.300000	8.958818
3.100000	1.400000	9.109920
3.100000	1.500000	9.261088
3.100000	1.600000	9.412317
3.100000	1.700000	9.563603
3.100000	1.800000	9.714943
3.100000	1.900000	9.866334
3.100000	2.000000	10.017772

3.200000	0.100000	7.514791
3.200000	0.200000	7.664909
3.200000	0.300000	7.815156
3.200000	0.400000	7.965522
3.200000	0.500000	8.116001
3.200000	0.600000	8.266584
3.200000	0.700000	8.417266
3.200000	0.800000	8.568040
3.200000	0.900000	8.718901
3.200000	1.000000	8.869843
3.200000	1.100000	9.020860
3.200000	1.200000	9.171948
3.200000	1.300000	9.323104
3.200000	1.400000	9.474321
3.200000	1.500000	9.625598
3.200000	1.600000	9.776929
3.200000	1.700000	9.928312
3.200000	1.800000	10.079743
3.200000	1.900000	10.231220
3.200000	2.000000	10.382740

3.300000	0.100000	7.889290
3.300000	0.200000	8.039626
3.300000	0.300000	8.190076
3.300000	0.400000	8.340634
3.300000	0.500000	8.491293
3.300000	0.600000	8.642045
3.300000	0.700000	8.792886
3.300000	0.800000	8.943810
3.300000	0.900000	9.094812
3.300000	1.000000	9.245886
3.300000	1.100000	9.397028
3.300000	1.200000	9.548235
3.300000	1.300000	9.699501
3.300000	1.400000	9.850823
3.300000	1.500000	10.002199
3.300000	1.600000	10.153624
3.300000	1.700000	10.305095
3.300000	1.800000	10.456610
3.300000	1.900000	10.608165
3.300000	2.000000	10.759760

3.400000	0.100000	8.276068
3.400000	0.200000	8.426600
3.400000	0.300000	8.577234
3.400000	0.400000	8.727965
3.400000	0.500000	8.878787
3.400000	0.600000	9.029693
3.400000	0.700000	9.180678
3.400000	0.800000	9.331738
3.400000	0.900000	9.482867
3.400000	1.000000	9.634062
3.400000	1.100000	9.785318
3.400000	1.200000	9.936631
3.400000	1.300000	10.087999
3.400000	1.400000	10.239417
3.400000	1.500000	10.390882
3.400000	1.600000	10.542392
3.400000	1.700000	10.693944
3.400000	1.800000	10.845535
3.400000	1.900000	10.997163
3.400000	2.000000	11.148826

3.500000	0.100000	8.675097
3.500000	0.200000	8.825806
3.500000	0.300000	8.976607
3.500000	0.400000	9.127495
3.500000	0.500000	9.278464
3.500000	0.600000	9.429509
3.500000	0.700000	9.580625
3.500000	0.800000	9.731808
3.500000	0.900000	9.883053
3.500000	1.000000	10.034357
3.500000	1.100000	10.185717
3.500000	1.200000	10.337128
3.500000	1.300000	10.488587
3.500000	1.400000	10.640092
3.500000	1.500000	10.791640
3.500000	1.600000	10.943228
3.500000	1.700000	11.094854
3.500000	1.800000	11.246514
3.500000	1.900000	11.398209
3.500000	2.000000	11.549934

3.600000	0.100000	9.086352
3.600000	0.200000	9.237222
3.600000	0.300000	9.388174
3.600000	0.400000	9.539204
3.600000	0.500000	9.690306
3.600000	0.600000	9.841477
3.600000	0.700000	9.992711
3.600000	0.800000	10.144006
3.600000	0.900000	10.295357
3.600000	1.000000	10.446761
3.600000	1.100000	10.598214
3.600000	1.200000	10.749714
3.600000	1.300000	10.901258
3.600000	1.400000	11.052842
3.600000	1.500000	11.204465
3.600000	1.600000	11.356124
3.600000	1.700000	11.507817
3.600000	1.800000	11.659542
3.600000	1.900000	11.811296
3.600000	2.000000	11.963079

3.700000	0.100000	9.509813
3.700000	0.200000	9.660827
3.700000	0.300000	9.811915
3.700000	0.400000	9.963074
3.700000	0.500000	10.114297
3.700000	0.600000	10.265582
3.700000	0.700000	10.416925
3.700000	0.800000	10.568321
3.700000	0.900000	10.719768
3.700000	1.000000	10.871262
3.700000	1.100000	11.022801
3.700000	1.200000	11.174382
3.700000	1.300000	11.326002
3.700000	1.400000	11.477659
3.700000	1.500000	11.629350
3.700000	1.600000	11.781074
3.700000	1.700000	11.932829
3.700000	1.800000	12.084612
3.700000	1.900000	12.236422
3.700000	2.000000	12.388257

3.800000	0.100000	9.945457
3.800000	0.200000	10.096603
3.800000	0.300000	10.247815
3.800000	0.400000	10.399090
3.800000	0.500000	10.550423
3.800000	0.600000	10.701812
3.800000	0.700000	10.853252
3.800000	0.800000	11.004740
3.800000	0.900000	11.156274
3.800000	1.000000	11.307851
3.800000	1.100000	11.459468
3.800000	1.200000	11.611122
3.800000	1.300000	11.762812
3.800000	1.400000	11.914535
3.800000	1.500000	12.066289
3.800000	1.600000	12.218073
3.800000	1.700000	12.369884
3.800000	1.800000	12.521720
3.800000	1.900000	12.673581
3.800000	2.000000	12.825465

3.900000	0.100000	10.393268
3.900000	0.200000	10.544532
3.900000	0.300000	10.695856
3.900000	0.400000	10.847237
3.900000	0.500000	10.998670
3.900000	0.600000	11.150153
3.900000	0.700000	11.301681
3.900000	0.800000	11.453254
3.900000	0.900000	11.604867
3.900000	1.000000	11.756519
3.900000	1.100000	11.908207
3.900000	1.200000	12.059929
3.900000	1.300000	12.211682
3.900000	1.400000	12.363465
3.900000	1.500000	12.515277
3.900000	1.600000	12.667115
3.900000	1.700000	12.818977
3.900000	1.800000	12.970863
3.900000	1.900000	13.122771
3.900000	2.000000	13.274699

4.000000	0.100000	10.853228
4.000000	0.200000	11.004600
4.000000	0.300000	11.156026
4.000000	0.400000	11.307502
4.000000	0.500000	11.459026
4.000000	0.600000	11.610594
4.000000	0.700000	11.762204
4.000000	0.800000	11.913852
4.000000	0.900000	12.065538
4.000000	1.000000	12.217258
4.000000	1.100000	12.369011
4.000000	1.200000	12.520794
4.000000	1.300000	12.672605
4.000000	1.400000	12.824444
4.000000	1.500000	12.976308
4.000000	1.600000	13.128195
4.000000	1.700000	13.280105
4.000000	1.800000	13.432036
4.000000	1.900000	13.583987
4.000000	2.000000	13.735956

4.100000	0.100000	11.325324
4.100000	0.200000	11.476793
4.100000	0.300000	11.628311
4.100000	0.400000	11.779874
4.100000	0.500000	11.931480
4.100000	0.600000	12.083126
4.100000	0.700000	12.234809
4.100000	0.800000	12.386527
4.100000	0.900000	12.538278
4.100000	1.000000	12.690061
4.100000	1.100000	12.841873
4.100000	1.200000	12.993712
4.100000	1.300000	13.145576
4.100000	1.400000	13.297465
4.100000	1.500000	13.449377
4.100000	1.600000	13.601310
4.100000	1.700000	13.753264
4.100000	1.800000	13.905236
4.100000	1.900000	14.057226
4.100000	2.000000	14.209233

4.200000	0.100000	11.809540
4.200000	0.200000	11.961098
4.200000	0.300000	12.112700
4.200000	0.400000	12.264342
4.200000	0.500000	12.416022
4.200000	0.600000	12.567739
4.200000	0.700000	12.719489
4.200000	0.800000	12.871270
4.200000	0.900000	13.023082
4.200000	1.000000	13.174921
4.200000	1.100000	13.326786
4.200000	1.200000	13.478677
4.200000	1.300000	13.630590
4.200000	1.400000	13.782525
4.200000	1.500000	13.934481
4.200000	1.600000	14.086456
4.200000	1.700000	14.238449
4.200000	1.800000	14.390460
4.200000	1.900000	14.542486
4.200000	2.000000	14.694527

4.300000	0.100000	12.305866
4.300000	0.200000	12.457504
4.300000	0.300000	12.609182
4.300000	0.400000	12.760896
4.300000	0.500000	12.912644
4.300000	0.600000	13.064425
4.300000	0.700000	13.216235
4.300000	0.800000	13.368075
4.300000	0.900000	13.519941
4.300000	1.000000	13.671832
4.300000	1.100000	13.823747
4.300000	1.200000	13.975684
4.300000	1.300000	14.127642
4.300000	1.400000	14.279620
4.300000	1.500000	14.431616
4.300000	1.600000	14.583629
4.300000	1.700000	14.735659
4.300000	1.800000	14.887704
4.300000	1.900000	15.039764
4.300000	2.000000	15.191837

4.400000	0.100000	12.814290
4.400000	0.200000	12.966001
4.400000	0.300000	13.117748
4.400000	0.400000	13.269527
4.400000	0.500000	13.421337
4.400000	0.600000	13.573176
4.400000	0.700000	13.725042
4.400000	0.800000	13.876934
4.400000	0.900000	14.028850
4.400000	1.000000	14.180789
4.400000	1.100000	14.332749
4.400000	1.200000	14.484729
4.400000	1.300000	14.636728
4.400000	1.400000	14.788744
4.400000	1.500000	14.940777
4.400000	1.600000	15.092826
4.400000	1.700000	15.244890
4.400000	1.800000	15.396967
4.400000	1.900000	15.549058
4.400000	2.000000	15.701161

