4701147.000000
4702881.000000
4702361.000000
4701879.000000
4701673.000000
4699897.000000
4701662.000000
4703356.000000
4702844.000000
4702793.000000
4089379.000000
4476639.000000
4474654.000000
4474567.000000
4474347.000000
4482081.000000
4483310.000000
4483282.000000
4476494.000000
4481451.000000
3890644.000000
4216265.000000
4217304.000000
4215334.000000
4218427.000000
4205952.000000
4217667.000000
4217662.000000
4216508.000000
4213846.000000
3392961.000000
3761473.000000
3761207.000000
3762766.000000
3762736.000000
3766758.000000
3773722.000000
3774837.000000
3774435.000000
3775578.000000
3522311.000000
3672143.000000
3600244.000000
3674063.000000
3674649.000000
3676182.000000
3675799.000000
3675713.000000
3678490.000000
3678136.000000
2984278.000000
3369418.000000
3378287.000000
3371465.000000
3377392.000000
3385842.000000
3385358.000000
3382824.000000
3375160.000000
3387463.000000
2931556.000000
3245543.000000
3279224.000000
3279804.000000
3279153.000000
3279235.000000
3253721.000000
3279588.000000
3279565.000000
3280178.000000
2855945.000000
3168432.000000
3171819.000000
3172883.000000
3171911.000000
3172721.000000
3172104.000000
3172225.000000
3168979.000000
3169702.000000
2762765.000000
3059392.000000
3066632.000000
3067629.000000
3066610.000000
3067419.000000
3066557.000000
3066310.000000
3066605.000000
3067406.000000
2673094.000000
2938530.000000
2939439.000000
2940902.000000
2939635.000000
2940433.000000
2939567.000000
2940119.000000
2940214.000000
2940263.000000
2495518.000000
2771336.000000
2767127.000000
2769946.000000
2771260.000000
2770334.000000
2770664.000000
2769834.000000
2770556.000000
2766487.000000
2413252.000000
2665031.000000
2697702.000000
2689227.000000
2687709.000000
2691619.000000
2700653.000000
2703141.000000
2700467.000000
2703109.000000
2498853.000000
2594487.000000
2595051.000000
2592147.000000
2594906.000000
2595231.000000
2595184.000000
2594881.000000
2595813.000000
2595905.000000
2346004.000000
2495155.000000
2495482.000000
2496737.000000
2496122.000000
2496541.000000
2461821.000000
2497456.000000
2496536.000000
2484196.000000
