1447605.000000
1527652.000000
1530971.000000
1528760.000000
1524319.000000
1526893.000000
1526354.000000
1526301.000000
1532514.000000
1522566.000000
1526964.000000
1526916.000000
1526763.000000
1531762.000000
1527917.000000
1532639.000000
1530379.000000
1531972.000000
1533005.000000
1533142.000000
1532408.000000
1534483.000000
1533804.000000
1534278.000000
1532577.000000
1534711.000000
1533657.000000
1533695.000000
1532895.000000
1534111.000000
1534024.000000
1534618.000000
1533133.000000
1534354.000000
1533825.000000
1534353.000000
1530627.000000
1526292.000000
1528861.000000
1530545.000000
1527534.000000
1527634.000000
1526285.000000
1530553.000000
1530556.000000
1536190.000000
1535569.000000
1535033.000000
1534944.000000
1536236.000000
1535168.000000
1535130.000000
1534903.000000
1535505.000000
1535201.000000
1536168.000000
1535300.000000
1535051.000000
1535388.000000
1536198.000000
1536001.000000
1535722.000000
1535181.000000
1535337.000000
1535864.000000
1535470.000000
1534401.000000
1534715.000000
1534958.000000
1535069.000000
1535423.000000
1534856.000000
1534834.000000
1535589.000000
1535818.000000
1530160.000000
1534154.000000
1534728.000000
1535562.000000
1534234.000000
1535005.000000
1525791.000000
1529833.000000
1529550.000000
1530360.000000
1534901.000000
1535332.000000
1449907.000000
1465616.000000
1483579.000000
1516375.000000
1507987.000000
1522688.000000
1510768.000000
1521224.000000
1533828.000000
1538777.000000
1538036.000000
1538880.000000
1538861.000000
1438556.000000
1499017.000000
1500689.000000
1478424.000000
1497046.000000
1501141.000000
1507973.000000
1509203.000000
1513256.000000
1513888.000000
1514140.000000
1514305.000000
1513091.000000
1513898.000000
1514662.000000
1514321.000000
1514227.000000
1514002.000000
1513313.000000
1513566.000000
1512915.000000
1513979.000000
1514035.000000
1513547.000000
1514653.000000
1513434.000000
1514925.000000
1514144.000000
1514552.000000
1513948.000000
1514276.000000
1513853.000000
1514654.000000
1513918.000000
1514580.000000
1513536.000000
1511018.000000
1513918.000000
1513366.000000
1513598.000000
1514020.000000
1514413.000000
1513695.000000
1513588.000000
1513932.000000
1513657.000000
1514352.000000
1513946.000000
1505372.000000
1513365.000000
1513449.000000
1514256.000000
1514126.000000
1514391.000000
1513874.000000
1514040.000000
1514329.000000
1514135.000000
1513322.000000
1513819.000000
1514498.000000
1514707.000000
1513829.000000
1513810.000000
1514451.000000
1514784.000000
1514568.000000
1514319.000000
1513887.000000
1513969.000000
1514239.000000
1514265.000000
1513325.000000
1513542.000000
1512962.000000
1514072.000000
1514563.000000
1513911.000000
1497324.000000
1503589.000000
1508232.000000
1508975.000000
1508675.000000
1511852.000000
1514005.000000
1514621.000000
1511084.000000
1506880.000000
1505775.000000
1506437.000000
1508760.000000
1509500.000000
1509742.000000
1513874.000000
1514208.000000
1514087.000000
1514719.000000
1513980.000000
1513209.000000
1513610.000000
