423974.0 6151447.0 8.5
424033.0 6150889.0 8.5
424092.0 6150332.0 8.5
424151.0 6149774.0 8.5
424210.0 6149216.0 8.5
424268.0 6148658.0 8.5
424327.0 6148101.0 6.541454095406106
424386.0 6147543.0 6.541454095406106
424534.0 6151447.0 8.5
424593.0 6150889.0 8.5
424652.0 6150332.0 6.541454095406106
424711.0 6149774.0 6.541454095406106
424770.0 6149216.0 6.543962639374922
424829.0 6148658.0 6.516187195208543
424888.0 6148101.0 6.2727673683577345
424947.0 6147543.0 6.248272408528181
425094.0 6151447.0 6.541454095406106
425153.0 6150889.0 6.516187195208543
425212.0 6150332.0 6.2727673683577345
425271.0 6149774.0 6.248272408528181
425330.0 6149216.0 6.250395889422919
425389.0 6148658.0 6.261808206314511
425448.0 6148101.0 6.1541062921675405
425507.0 6147543.0 6.165034955259655
425654.0 6151447.0 6.248109622246892
425713.0 6150889.0 6.260058046952699
425772.0 6150332.0 6.152521294152043
425831.0 6149774.0 6.163357278516982
425890.0 6149216.0 6.167437756978011
425950.0 6148659.0 6.176631422876617
426009.0 6148101.0 6.120965430946511
426068.0 6147543.0 6.132707226327738
426214.0 6151447.0 6.164843272491913
426273.0 6150889.0 6.176891312380943
426332.0 6150332.0 6.1213111162483616
426392.0 6149774.0 6.13024237828909
426451.0 6149216.0 6.129704685472583
426510.0 6148659.0 6.135377965249199
426569.0 6148101.0 6.106156843858258
426628.0 6147543.0 6.112619245107888
426774.0 6151447.0 6.132371300379087
426833.0 6150889.0 6.136201226514264
426892.0 6150332.0 6.107021401709908
426952.0 6149774.0 6.112584128119639
427011.0 6149216.0 6.111573273699006
427070.0 6148659.0 6.117703412747772
427129.0 6148101.0 6.098162386043449
427189.0 6147543.0 6.101906539488455
427334.0 6151447.0 6.112550441657561
427393.0 6150889.0 6.115660060264437
427453.0 6150332.0 6.098662632400543
427512.0 6149774.0 6.104922854514806
427571.0 6149216.0 6.10393536775288
427631.0 6148659.0 6.104202306141462
427690.0 6148101.0 6.093187717955901
427749.0 6147543.0 6.095280908394004
427894.0 6151447.0 6.1019412677287965
427953.0 6150889.0 6.106696462213123
428013.0 6150332.0 6.0935605485785675
428072.0 6149774.0 6.096440282377466
428132.0 6149216.0 6.095765087372251
428191.0 6148659.0 6.099493176023643
428250.0 6148101.0 6.089684870637942
428310.0 6147543.0 6.091204238127606
428454.0 6151447.0 6.098047277288761
428513.0 6150889.0 6.097531559066045
428573.0 6150332.0 6.090130627027627
428632.0 6149774.0 6.0917731666998
428692.0 6149216.0 6.091148440789976
428751.0 6148659.0 6.0928225195245
428811.0 6148101.0 6.090136784208304
428870.0 6147543.0 6.091126390079417
429014.0 6151447.0 6.091937437009627
429074.0 6150889.0 6.0951921277468735
429133.0 6150332.0 6.087558992111366
429193.0 6149774.0 6.08875391145124
429252.0 6149216.0 6.08872918841397
429312.0 6148659.0 6.091053028482212
429371.0 6148101.0 6.089742950032717
429431.0 6147543.0 6.091801463108436

Process finished with exit code 0

